CONST SUBSCRITO COMBINACAO
1     1     1     
2     2     1     
3     3     1     
4     28    -1    
4     32    1     
5     4     1     
6     5     1     
7     6     1     
8     7     1     
9     8     1     
10    9     1     
11    10    1     
12    28    1     
12    15    -1    
13    12    1     
14    13    1     
15    14    1     
16    15    1     
17    16    1     
18    17    1     
19    18    1     
20    19    1     
21    20    1     
22    21    1     
23    15    2     
23    10    -1    
24    32    1     
24    10    -1    
25    22    1     
26    34    1     
26    8     -1    
27    28    2     
27    26    1     
28    26    2     
28    32    -1    
29    28    3     
29    32    -2    
30    10    1     
30    8     1     
31    28    1     
31    26    1     
31    32    -1    
32    28    1     
32    26    1     
32    34    1     
32    32    -2    
33    24    1     
34    25    1     
35    27    2     
35    28    -1    
36    32    1     
36    26    1     
36    34    -1    
37    26    1     
38    27    1     
39    34    2     
39    26    1     
39    32    -2    
40    10    1     
40    15    1     
41    28    1     
41    31    1     
41    32    -2    
42    28    1     
43    28    1     
43    32    1     
43    31    -1    
44    28    1     
44    34    1     
44    32    -1    
45    29    1     
46    30    1     
47    32    2     
47    34    -1    
48    31    1     
49    32    1     
50    33    1     
51    34    1     
52    28    1     
52    32    1     
52    26    -1    
53    17    1     
53    21    1     
54    32    2     
54    28    -1    
55    28    2     
55    32    1     
55    26    -2    
56    32    2     
56    26    -1    
57    32    1     
57    34    1     
57    26    -1    
58    26    1     
58    10    1     
59    28    1     
59    10    1     
60    28    2     
60    15    -1    
61    32    1     
61    8     1     
62    37    1     
63    32    1     
63    10    1     
64    28    1     
64    17    1     
65    28    2     
65    8     -1    
66    32    1     
66    15    1     
67    32    1     
67    16    1     
68    32    1     
68    17    1     
69    26    2     
70    28    3     
70    32    -1    
71    28    1     
71    32    1     
71    26    1     
71    34    -1    
72    28    1     
72    26    1     
73    28    1     
73    27    1     
74    28    2     
74    32    1     
74    34    -1    
75    28    2     
75    31    1     
75    32    -1    
76    28    2     
77    28    2     
77    32    1     
77    31    -1    
78    28    2     
78    34    1     
78    32    -1    
79    28    2     
79    34    1     
79    31    -1    
80    32    1     
80    26    1     
81    28    3     
81    26    -1    
82    28    1     
82    32    1     
83    28    1     
83    34    1     
84    32    1     
84    30    1     
85    32    2     
86    32    1     
86    34    1     
87    28    1     
87    26    1     
87    10    1     
88    28    2     
88    10    1     
89    28    1     
89    26    1     
89    17    1     
90    28    2     
90    17    1     
91    28    1     
91    32    1     
91    12    1     
92    28    1     
92    32    1     
92    17    1     
93    32    2     
93    16    1     
94    28    2     
94    26    2     
94    32    -1    
95    28    3     
95    26    1     
95    32    -1    
96    26    2     
96    28    1     
97    28    4     
97    32    -1    
98    28    2     
98    32    1     
98    26    1     
98    34    -1    
99    28    2     
99    26    1     
100   28    2     
100   27    1     
101   29    3     
101   32    1     
101   34    -1    
102   28    3     
103   28    1     
103   32    1     
103   26    1     
104   28    4     
104   26    -1    
105   28    1     
105   34    1     
105   27    1     
106   28    2     
106   32    2     
106   34    -1    
107   28    2     
107   32    1     
108   28    2     
108   34    1     
109   28    3     
109   32    1     
109   26    -1    
110   28    1     
110   34    1     
110   30    1     
111   32    2     
111   28    1     
112   28    1     
112   32    1     
112   34    1     
113   28    3     
113   26    1     
113   10    1     
113   32    -1    
114   26    2     
114   28    1     
114   10    1     
115   28    4     
115   10    1     
115   32    -1    
116   28    2     
116   26    1     
116   10    1     
117   28    3     
117   26    1     
117   17    1     
117   32    -1    
118   28    3     
118   10    1     
119   28    1     
119   32    1     
119   26    1     
119   10    1     
120   28    2     
120   26    1     
120   17    1     
121   28    2     
121   32    1     
121   10    1     
122   28    3     
122   17    1     
123   28    3     
123   34    1     
124   28    1     
124   32    1     
124   26    1     
124   17    1     
125   28    2     
125   32    1     
125   15    1     
126   28    2     
126   32    1     
126   17    1     
127   28    2     
127   34    1     
127   17    1     
128   28    3     
128   32    1     
128   17    1     
128   26    -1    
129   32    2     
129   28    1     
129   17    1     
130   28    2     
130   26    2     
131   28    3     
131   26    1     
132   28    4     
133   28    2     
133   32    1     
133   26    1     
134   28    2     
134   26    1     
134   34    1     
135   28    3     
135   32    1     
136   28    3     
136   34    1     
137   28    1     
137   32    1     
137   26    1     
137   34    1     
138   28    2     
138   32    2     
139   28    2     
139   32    1     
139   34    1     
140   32    3     
140   26    1     
141   32    3     
141   28    1     
142   32    4     
143   28    2     
143   26    2     
143   10    1     
144   28    3     
144   26    1     
144   10    1     
145   28    4     
145   10    1     
146   28    3     
146   26    1     
146   17    1     
147   28    3     
147   32    1     
147   10    1     
148   28    4     
148   17    1     
149   28    2     
149   32    2     
149   10    1     
150   28    3     
150   32    1     
150   17    1     
151   28    2     
151   32    2     
151   17    1     
152   32    4     
152   17    1     
153   28    4     
153   26    1     
154   28    5     
155   28    3     
156   28    4     
156   32    1     
157   28    2     
157   32    2     
157   26    1     
158   28    2     
158   26    1     
158   32    1     
158   34    1     
159   28    3     
159   32    2     
160   28    3     
160   32    1     
160   34    1     
161   28    4     
161   26    1     
161   10    1     
162   28    5     
162   10    1     
163   28    4     
163   26    1     
163   15    1     
164   28    4     
164   26    1     
164   17    1     
165   28    4     
165   32    1     
165   10    1     
166   28    5     
166   17    1     
167   28    3     
167   32    2     
167   10    1     
168   28    4     
168   32    1     
168   17    1     
169   28    3     
169   32    2     
169   17    1     
170   32    5     
170   17    1     
171   28    5     
171   26    1     
172   28    6     
173   28    4     
173   32    1     
173   26    1     
174   28    5     
174   32    1     
175   28    3     
175   26    1     
175   34    1     
175   32    1     
176   28    4     
176   32    2     
27    32    -2    
123   17    1     
123   32    -1    
155   32    1     
155   26    1     
